
20220627112631,0,0,0,0,0,0,0,0
20220627112633,0,0,0,0,0,0,0,0
20220627112634,0,0,0,0,0,0,0,0
20220627112635,0,0,0,0,0,0,0,0
20220627112636,0,0,0,0,0,0,0,0
20220627112636,0,0,0,0,0,0,0,0
20220627112638,0,0,0,0,0,0,0,0
20220627112639,0,0,0,0,0,0,0,0
20220627112640,0,0,0,0,0,0,0,0
20220627112641,0,0,0,0,0,0,0,0
20220627112642,0,0,0,0,0,0,0,0
20220627112643,0,0,0,0,0,0,0,0
20220627112644,0,0,0,0,0,0,0,0
20220627112644,0,0,0,0,0,0,0,0
20220627112646,0,0,0,0,0,0,0,0
20220627112647,0,0,0,0,0,0,0,0
20220627112648,0,0,0,0,0,0,0,0
20220627112649,0,0,0,0,0,0,0,0
20220627112650,0,0,0,0,0,0,0,0
20220627112651,0,0,0,0,0,0,0,0
20220627112652,0,0,0,0,0,0,0,0
20220627112653,0,0,0,0,0,0,0,0
20220627112654,0,0,0,0,0,0,0,0
20220627112655,0,0,0,0,0,0,0,0
20220627112656,0,0,0,0,0,0,0,0
20220627112657,0,0,0,0,0,0,0,0
20220627112658,0,0,0,0,0,0,0,0
20220627112659,0,0,0,0,0,0,0,0
20220627112700,0,0,0,0,0,0,0,0
20220627112701,0,0,0,0,0,0,0,0
20220627112702,0,0,0,0,0,0,0,0
20220627112703,0,0,0,0,0,0,0,0
20220627112704,0,0,0,0,0,0,0,0
20220627112705,0,0,0,0,0,0,0,0
20220627112706,0,0,0,0,0,0,0,0
20220627112707,0,0,0,0,0,0,0,0
20220627112708,0,0,0,0,0,0,0,0
20220627112709,0,0,0,0,0,0,0,0
20220627112710,0,0,0,0,0,0,0,0
20220627112711,0,0,0,0,0,0,0,0
20220627112712,0,0,0,0,0,0,0,0
20220627112713,0,0,0,0,0,0,0,0
20220627112714,0,0,0,0,0,0,0,0
20220627112715,0,0,0,0,0,0,0,0
20220627112716,0,0,0,0,0,0,0,0
20220627112717,0,0,0,0,0,0,0,0
20220627112718,0,0,0,0,0,0,0,0
20220627112719,0,0,0,0,0,0,0,0
20220627112720,0,0,0,0,0,0,0,0
20220627112721,0,0,0,0,0,0,0,0
20220627112722,0,0,0,0,0,0,0,0
20220627112723,0,0,0,0,0,0,0,0
20220627112724,0,0,0,0,0,0,0,0
20220627112725,0,0,0,0,0,0,0,0
20220627112726,0,0,0,0,0,0,0,0
20220627112727,0,0,0,0,0,0,0,0
20220627112728,0,0,0,0,0,0,0,0
20220627112729,0,0,0,0,0,0,0,0
20220627112730,0,0,0,0,0,0,0,0
20220627112731,0,0,0,0,0,0,0,0
20220627112732,0,0,0,0,0,0,0,0
20220627112733,0,0,0,0,0,0,0,0
20220627112734,0,0,0,0,0,0,0,0


20220627112756,0,0,0,0,0,0,0,0
20220627112757,0,0,0,0,0,0,0,0
20220627112758,9,0,0,0,0,0,0,0
20220627112759,23,0,0,0,0,0,0,0
20220627112800,0,0,0,0,0,0,0,0
20220627112801,0,0,0,0,0,0,0,0


20220627113646,0,0,0,0,0,0,0,0
20220627113648,4,0,0,0,0,0,0,0
20220627113648,23,0,0,0,0,0,0,0
20220627113649,0,0,0,0,0,0,0,0
20220627113651,0,0,0,0,0,0,0,0


20220627114448,0,0,0,0,0,0,0,0
20220627114449,0,0,0,0,0,0,0,0
20220627114450,0,0,0,0,0,0,0,0
20220627114451,0,0,0,0,0,0,0,0
20220627114452,0,0,0,0,0,0,0,0


20220627124129,0,0,0,0,0,0,0,0
20220627124130,27,0,0,0,0,0,0,0
20220627124131,63,0,0,0,0,0,0,0
20220627124132,50,0,0,0,0,0,0,0
20220627124133,55,0,0,0,0,0,0,0
20220627124134,55,0,0,0,0,0,0,0
20220627124135,0,0,0,0,0,0,0,0
20220627124136,0,0,0,0,0,0,0,0


20220627143921,0,0,0,0,0,0,0,0
20220627143922,0,0,0,0,0,0,0,0
20220627143923,0,0,0,0,0,0,0,0
20220627143924,11,0,0,0,0,0,0,0
20220627143925,8,0,0,0,0,0,0,0
20220627143926,6,0,0,0,0,0,0,0
20220627143927,3,0,0,0,0,0,0,0
20220627143928,4,0,0,0,0,0,0,0
20220627143929,12,0,0,0,0,0,0,0
20220627143930,12,0,0,0,0,0,0,0
20220627143931,12,0,0,0,0,0,0,0
20220627143932,10,0,0,0,0,0,0,0
20220627143933,0,0,0,0,0,0,0,0
20220627143934,0,0,0,0,0,0,0,0
20220627143935,0,0,0,0,0,0,0,0


20220627144150,0,0,0,0,0,0,0,0
20220627144151,0,0,0,0,0,0,0,0
20220627144152,0,0,0,0,0,0,0,0
20220627144153,0,0,0,0,0,0,0,0
20220627144154,9,0,0,0,0,0,0,0
20220627144155,37,0,0,0,0,0,0,0
20220627144156,12,0,0,0,0,0,0,0
20220627144157,0,0,0,0,0,0,0,0
20220627144158,0,0,0,0,0,0,0,0
20220627144159,0,0,0,0,0,0,0,0


20220627151851,0,0,0,0,0,0,0,0
20220627151852,0,0,0,0,0,0,0,0
20220627151853,0,0,0,0,0,0,0,0
20220627151854,0,0,0,0,0,0,0,0
20220627151855,0,0,0,0,0,0,0,0
20220627151856,0,0,0,0,0,0,0,0
20220627151857,0,0,0,0,0,0,0,0
20220627151858,0,0,0,0,0,0,0,0
20220627151859,0,0,0,0,0,0,0,0
20220627151900,0,0,0,0,0,0,0,0
20220627151901,0,0,0,0,0,0,0,0
20220627151902,0,0,0,0,0,0,0,0
20220627151903,0,0,0,0,0,0,0,0
20220627151904,0,0,0,0,0,0,0,0
20220627151905,0,0,0,0,0,0,0,0
20220627151906,0,0,0,0,0,0,0,0
20220627151907,0,0,0,0,0,0,0,0
20220627151908,0,0,0,0,0,0,0,0
20220627151909,0,0,0,0,0,0,0,0
20220627151910,0,0,0,0,0,0,0,0
20220627151911,0,0,0,0,0,0,0,0
20220627151912,0,0,0,0,0,0,0,0
20220627151913,0,0,0,0,0,0,0,0
20220627151914,0,0,0,0,0,0,0,0
20220627151915,0,0,0,0,0,0,0,0
20220627151916,0,0,0,0,0,0,0,0
20220627151917,0,0,0,0,0,0,0,0
20220627151918,0,0,0,0,0,0,0,0
20220627151919,0,0,0,0,0,0,0,0
20220627151920,0,0,0,0,0,0,0,0
20220627151921,0,0,0,0,0,0,0,0
20220627151922,0,0,0,0,0,0,0,0
20220627151923,0,0,0,0,0,0,0,0
20220627151924,0,0,0,0,0,0,0,0
20220627151925,0,0,0,0,0,0,0,0
20220627151926,0,0,0,0,0,0,0,0
20220627151927,0,0,0,0,0,0,0,0
20220627151928,0,0,0,0,0,0,0,0
20220627151929,0,0,0,0,0,0,0,0
20220627151930,0,0,0,0,25,0,0,0
20220627151931,0,0,0,0,31,0,0,0
20220627151932,0,0,0,0,34,0,0,0
20220627151933,0,0,0,0,31,0,0,0
20220627151934,0,0,0,0,32,0,0,0
20220627151935,0,0,0,0,0,0,0,0
20220627151936,0,0,0,0,0,0,0,0
20220627151937,0,0,0,0,0,0,0,0
20220627151938,0,0,0,0,0,0,0,0
20220627151939,0,0,0,0,0,0,0,0
20220627151940,0,0,0,0,0,0,0,0
20220627151941,0,0,0,0,0,0,0,0
20220627151942,0,0,0,0,0,0,0,0
20220627151943,0,0,0,0,0,0,0,0
20220627151944,0,0,0,0,0,0,0,0
20220627151945,0,0,0,0,0,0,0,0
20220627151946,0,0,0,0,0,0,0,0
20220627151947,0,0,0,0,0,0,0,0
20220627151948,0,0,0,0,0,0,0,0
20220627151949,0,0,0,0,0,0,0,0
20220627151950,0,0,0,0,0,0,0,0
20220627151951,0,0,0,0,0,0,0,0
20220627151952,0,0,0,0,0,0,0,0
20220627151953,0,0,0,0,0,0,0,0
20220627151954,0,0,0,0,0,0,0,0
20220627151955,0,0,0,0,0,0,0,0
20220627151956,0,0,0,0,0,0,0,0
20220627151957,0,0,0,0,0,0,0,0
20220627151958,0,0,0,0,0,0,0,0
20220627151959,0,0,0,0,0,0,0,0
20220627152000,0,0,0,0,0,0,0,0
20220627152001,0,0,0,0,0,0,0,0
20220627152002,0,0,0,0,0,0,0,0
20220627152003,0,0,0,0,0,0,0,0
20220627152004,0,0,0,0,0,0,0,0
20220627152005,0,0,0,0,0,0,0,0
20220627152006,0,0,0,0,0,0,0,0
20220627152007,0,0,0,0,0,0,0,0
20220627152008,0,0,0,0,0,0,0,0
20220627152009,0,0,0,0,0,0,0,0
20220627152010,0,0,0,0,0,0,0,0
20220627152011,0,0,0,0,0,0,0,0
20220627152012,0,0,0,0,0,0,0,0
20220627152013,0,0,0,0,0,0,0,0
20220627152014,0,0,0,0,0,0,0,0
20220627152015,0,0,0,0,0,0,0,0
20220627152016,0,0,0,0,0,0,0,0
20220627152017,0,0,0,0,0,0,0,0
20220627152018,0,0,0,0,0,0,0,0
20220627152019,0,0,0,0,0,0,0,0
20220627152020,0,0,0,0,0,0,0,0
20220627152021,0,0,0,0,0,0,0,0
20220627152022,0,0,0,0,0,0,0,0
20220627152023,0,0,0,0,0,0,0,0
20220627152024,0,0,0,0,0,0,0,0
20220627152025,0,0,0,0,0,0,0,0
20220627152026,0,0,0,0,0,0,0,0
20220627152027,0,0,0,0,0,0,0,0
20220627152028,0,0,0,0,0,0,0,0
20220627152029,0,0,0,0,0,0,0,0
20220627152030,0,0,0,0,0,0,0,0
20220627152031,0,0,0,0,0,0,0,0
20220627152032,0,0,0,0,0,0,0,0
20220627152033,0,0,0,0,0,0,0,0
20220627152034,0,0,0,0,0,0,0,0
20220627152035,0,0,0,0,0,0,0,0
20220627152036,0,0,0,0,0,0,0,0
20220627152037,0,0,0,0,0,0,0,0
20220627152038,0,0,0,0,0,0,0,0
20220627152039,0,0,0,0,0,0,0,0
20220627152040,0,0,0,0,0,0,0,0
20220627152041,0,0,0,0,0,0,0,0
20220627152042,0,0,0,0,0,0,0,0
20220627152043,0,0,0,0,0,0,0,0
20220627152044,0,0,0,0,0,0,0,0
20220627152045,0,0,0,0,0,0,0,0
20220627152046,0,0,0,0,0,0,0,0
20220627152047,0,0,0,0,0,0,0,0
20220627152048,0,0,0,0,0,0,0,0
20220627152049,0,0,0,0,0,0,0,0
20220627152050,0,0,0,0,0,0,0,0
20220627152051,0,0,0,0,0,0,0,0
20220627152052,0,0,0,0,0,0,0,0
20220627152053,0,0,0,0,0,0,0,0
20220627152054,0,0,0,0,0,0,0,0
20220627152055,0,0,0,0,0,0,0,0
20220627152056,0,0,0,0,0,0,0,0
20220627152057,0,0,0,0,0,0,0,0
20220627152058,0,0,0,0,0,0,0,0
20220627152059,0,0,0,0,0,0,0,0
20220627152100,0,0,0,0,0,0,0,0
20220627152101,0,0,0,0,0,0,0,0
20220627152102,0,0,0,0,0,0,0,0
20220627152103,0,0,0,0,0,0,0,0
20220627152104,0,0,0,0,0,0,0,0
20220627152105,0,0,0,0,0,0,0,0
20220627152106,0,0,0,0,0,0,0,0
20220627152107,0,0,0,0,0,0,0,0
20220627152108,0,0,0,0,0,0,0,0
20220627152109,0,0,0,0,0,0,0,0
20220627152110,0,0,0,0,0,0,0,0
20220627152111,0,0,0,0,0,0,0,0
20220627152112,0,0,0,0,0,0,0,0
20220627152113,0,0,0,0,0,0,0,0
20220627152114,0,0,0,0,0,0,0,0
20220627152115,0,0,0,0,0,0,0,0
20220627152116,0,0,0,0,0,0,0,0
20220627152117,0,0,0,0,0,0,0,0
20220627152118,0,0,0,0,0,0,0,0
20220627152119,0,0,0,0,0,0,0,0
20220627152120,0,0,0,0,0,0,0,0
20220627152121,0,0,0,0,0,0,0,0
20220627152122,0,0,0,0,0,0,0,0
20220627152123,0,0,0,0,0,0,0,0
20220627152124,0,0,0,0,0,0,0,0
20220627152125,0,0,0,0,0,0,0,0
20220627152126,0,0,0,0,0,0,0,0
20220627152127,0,0,0,0,0,0,0,0
20220627152128,0,0,0,0,0,0,0,0
20220627152129,0,0,0,0,0,0,0,0
20220627152130,0,0,0,0,0,0,0,0
20220627152131,0,0,0,0,0,0,0,0
20220627152132,0,0,0,0,0,0,0,0
20220627152133,0,0,0,0,0,0,0,0
20220627152134,0,0,0,0,0,0,0,0
20220627152135,0,0,0,0,0,0,0,0
20220627152136,0,0,0,0,0,0,0,0
20220627152137,0,0,0,0,0,0,0,0
20220627152138,0,0,0,0,0,0,0,0
20220627152139,0,0,0,0,0,0,0,0
20220627152140,0,0,0,0,0,0,0,0
20220627152141,0,0,0,0,0,0,0,0
20220627152142,0,0,0,0,0,0,0,0
20220627152143,0,0,0,0,0,0,0,0
20220627152144,0,0,0,0,0,0,0,0
20220627152145,0,0,0,0,0,0,0,0
20220627152146,0,0,0,0,0,0,0,0
20220627152147,0,0,0,0,0,0,0,0
20220627152148,0,0,0,0,0,0,0,0
20220627152149,0,0,0,0,0,0,0,0
20220627152150,0,0,0,0,0,0,0,0
20220627152151,0,0,0,0,0,0,0,0
20220627152152,0,0,0,0,0,0,0,0
20220627152153,0,0,0,0,0,0,0,0
20220627152154,0,0,0,0,0,0,0,0
20220627152155,0,0,0,0,0,0,0,0
20220627152156,0,0,0,0,0,0,0,0
20220627152157,0,0,0,0,0,0,0,0
20220627152158,0,0,0,0,0,0,0,0
20220627152159,0,0,0,0,0,0,0,0
20220627152200,0,0,0,0,0,0,0,0
20220627152201,0,0,0,0,0,0,0,0
20220627152202,0,0,0,0,0,0,0,0
20220627152203,0,0,0,0,0,0,0,0
20220627152204,0,0,0,0,0,0,0,0
20220627152205,0,0,0,0,0,0,0,0
20220627152206,0,0,0,0,0,0,0,0
20220627152207,0,0,0,0,0,0,0,0
20220627152208,0,0,0,0,0,0,0,0
20220627152209,0,0,0,0,0,0,0,0
20220627152210,0,0,0,0,0,0,0,0
20220627152211,0,0,0,0,0,0,0,0
20220627152212,0,0,0,0,0,0,0,0
20220627152213,0,0,0,0,0,0,0,0
20220627152214,0,0,0,0,0,0,0,0
20220627152215,0,0,0,0,0,0,0,0
20220627152216,0,0,0,0,0,0,0,0
20220627152217,0,0,0,0,0,0,0,0
20220627152218,0,0,0,0,0,0,0,0
20220627152219,0,0,0,0,0,0,0,0
20220627152220,0,0,0,0,0,0,0,0
20220627152221,0,0,0,0,0,0,0,0
20220627152222,0,0,0,0,0,0,0,0
20220627152223,0,0,0,0,0,0,0,0
20220627152224,0,0,0,0,0,0,0,0
20220627152225,0,0,0,0,0,0,0,0
20220627152226,0,0,0,0,0,0,0,0
20220627152227,0,0,0,0,0,0,0,0
20220627152228,0,0,0,0,0,0,0,0
20220627152229,0,0,0,0,0,0,0,0
20220627152230,0,0,0,0,0,0,0,0
20220627152231,0,0,0,0,0,0,0,0
20220627152232,0,0,0,0,0,0,0,0
20220627152233,0,0,0,0,0,0,0,0
20220627152234,0,0,0,0,0,0,0,0
20220627152235,0,0,0,0,0,0,0,0
20220627152236,0,0,0,0,0,0,0,0
20220627152237,0,0,0,0,0,0,0,0
20220627152238,0,0,0,0,0,0,0,0
20220627152239,0,0,0,0,0,0,0,0
20220627152240,0,0,0,0,0,0,0,0
20220627152241,0,0,0,0,0,0,0,0
20220627152242,0,0,0,0,0,0,0,0
20220627152243,0,0,0,0,0,0,0,0
20220627152244,0,0,0,0,0,0,0,0
20220627152245,0,0,0,0,0,0,0,0
20220627152246,0,0,0,0,0,0,0,0
20220627152247,0,0,0,0,0,0,0,0
20220627152248,0,0,0,0,0,0,0,0
20220627152249,0,0,0,0,0,0,0,0
20220627152250,0,0,0,0,0,0,0,0
20220627152251,0,0,0,0,0,0,0,0
20220627152252,0,0,0,0,0,0,0,0
20220627152253,0,0,0,0,0,0,0,0
20220627152254,0,0,0,0,0,0,0,0
20220627152255,0,0,0,0,0,0,0,0
20220627152256,0,0,0,0,0,0,0,0
20220627152257,0,0,0,0,0,0,0,0
20220627152258,0,0,0,0,0,0,0,0
20220627152259,0,0,0,0,0,0,0,0
20220627152300,0,0,0,0,0,0,0,0
20220627152301,0,0,0,0,0,0,0,0
20220627152302,0,0,0,0,0,0,0,0
20220627152303,0,0,0,0,0,0,0,0
20220627152304,0,0,0,0,0,0,0,0
20220627152305,0,0,0,0,0,0,0,0
20220627152306,0,0,0,0,0,0,0,0
20220627152307,0,0,0,0,0,0,0,0
20220627152308,0,0,0,0,0,0,0,0
20220627152309,0,0,0,0,0,0,0,0
20220627152310,0,0,0,0,0,0,0,0
20220627152311,0,0,0,0,0,0,0,0
20220627152312,0,0,0,0,0,0,0,0
20220627152313,0,0,0,0,0,0,0,0
20220627152314,0,0,0,0,0,0,0,0
20220627152315,0,0,0,0,0,0,0,0
20220627152316,0,0,0,0,0,0,0,0
20220627152317,0,0,0,0,0,0,0,0
20220627152318,0,0,0,0,0,0,0,0
20220627152319,0,0,0,0,0,0,0,0
20220627152320,0,0,0,0,0,0,0,0
20220627152321,0,0,0,0,0,0,0,0
20220627152322,0,0,0,0,0,0,0,0
20220627152323,0,0,0,0,0,0,0,0
20220627152324,0,0,0,0,0,0,0,0
20220627152325,0,0,0,0,0,0,0,0
20220627152326,0,0,0,0,0,0,0,0
20220627152327,0,0,0,0,0,0,0,0
20220627152328,0,0,0,0,0,0,0,0
20220627152329,0,0,0,0,0,0,0,0
20220627152330,0,0,0,0,0,0,0,0
20220627152331,0,0,0,0,0,0,0,0
20220627152332,0,0,0,0,0,0,0,0
20220627152333,0,0,0,0,0,0,0,0
20220627152334,0,0,0,0,0,0,0,0
20220627152335,0,0,0,0,0,0,0,0
20220627152336,0,0,0,0,0,0,0,0
20220627152337,0,0,0,0,0,0,0,0
20220627152338,0,0,0,0,0,0,0,0
20220627152339,0,0,0,0,0,0,0,0
20220627152340,0,0,0,0,0,0,0,0
20220627152341,0,0,0,0,0,0,0,0
20220627152342,0,0,0,0,0,0,0,0
20220627152343,0,0,0,0,0,0,0,0
20220627152344,0,0,0,0,0,0,0,0
20220627152345,0,0,0,0,0,0,0,0
20220627152346,0,0,0,0,0,0,0,0
20220627152347,0,0,0,0,0,0,0,0
20220627152348,0,0,0,0,0,0,0,0
20220627152349,0,0,0,0,0,0,0,0
20220627152350,0,0,0,0,0,0,0,0
20220627152351,0,0,0,0,0,0,0,0
20220627152352,0,0,0,0,0,0,0,0
20220627152353,0,0,0,0,0,0,0,0
20220627152354,0,0,0,0,0,0,0,0
20220627152355,0,0,0,0,0,0,0,0
20220627152356,0,0,0,0,0,0,0,0
20220627152357,0,0,0,0,0,0,0,0
20220627152358,0,0,0,0,0,0,0,0
20220627152359,0,0,0,0,0,0,0,0
20220627152400,0,0,0,0,0,0,0,0
20220627152401,0,0,0,0,0,0,0,0
20220627152402,0,0,0,0,0,0,0,0
20220627152403,0,0,0,0,0,0,0,0
20220627152404,0,0,0,0,0,0,0,0
20220627152405,0,0,0,0,0,0,0,0
20220627152406,0,0,0,0,0,0,0,0
20220627152407,0,0,0,0,0,0,0,0
20220627152408,0,0,0,0,0,0,0,0
20220627152409,0,0,0,0,0,0,0,0
20220627152410,0,0,0,0,0,0,0,0
20220627152411,0,0,0,0,0,0,0,0
20220627152412,0,0,0,0,0,0,0,0
20220627152413,0,0,0,0,0,0,0,0
20220627152414,0,0,0,0,0,0,0,0
20220627152415,0,0,0,0,0,0,0,0
20220627152416,0,0,0,0,0,0,0,0
20220627152417,0,0,0,0,0,0,0,0
20220627152418,0,0,0,0,0,0,0,0
20220627152419,0,0,0,0,0,0,0,0
20220627152420,0,0,0,0,0,0,0,0
20220627152421,0,0,0,0,0,0,0,0
20220627152422,0,0,0,0,0,0,0,0
20220627152423,0,0,0,0,0,0,0,0
20220627152424,0,0,0,0,0,0,0,0
20220627152425,0,0,0,0,0,0,0,0
20220627152426,0,0,0,0,0,0,0,0
20220627152427,0,0,0,0,0,0,0,0
20220627152428,0,0,0,0,0,0,0,0
20220627152429,0,0,0,0,0,0,0,0
20220627152430,0,0,0,0,0,0,0,0
20220627152431,0,0,0,0,0,0,0,0
20220627152432,0,0,0,0,0,0,0,0
20220627152433,0,0,0,0,0,0,0,0
20220627152434,0,0,0,0,0,0,0,0
20220627152435,0,0,0,0,0,0,0,0
20220627152436,0,0,0,0,0,0,0,0
20220627152437,0,0,0,0,0,0,0,0
20220627152438,0,0,0,0,0,0,0,0
20220627152439,0,0,0,0,0,0,0,0
20220627152440,0,0,0,0,0,0,0,0
20220627152441,0,0,0,0,0,0,0,0
20220627152442,0,0,0,0,0,0,0,0
20220627152443,0,0,0,0,0,0,0,0
20220627152444,0,0,0,0,0,0,0,0
20220627152445,0,0,0,0,0,0,0,0
20220627152446,0,0,0,0,0,0,0,0
20220627152447,0,0,0,0,0,0,0,0
20220627152448,0,0,0,0,0,0,0,0
20220627152449,0,0,0,0,0,0,0,0
20220627152450,0,0,0,0,0,0,0,0
20220627152451,0,0,0,0,0,0,0,0
20220627152452,0,0,0,0,0,0,0,0
20220627152453,0,0,0,0,0,0,0,0
20220627152454,0,0,0,0,0,0,0,0
20220627152455,0,0,0,0,0,0,0,0
20220627152456,0,0,0,0,0,0,0,0
20220627152457,0,0,0,0,0,0,0,0
20220627152458,0,0,0,0,0,0,0,0
20220627152459,0,0,0,0,0,0,0,0
20220627152500,0,0,0,0,0,0,0,0
20220627152501,0,0,0,0,0,0,0,0
20220627152502,0,0,0,0,0,0,0,0
20220627152503,0,0,0,0,0,0,0,0
20220627152504,0,0,0,0,0,0,0,0
20220627152505,0,0,0,0,0,0,0,0
20220627152506,0,0,0,0,0,0,0,0
20220627152507,0,0,0,0,0,0,0,0
20220627152508,0,0,0,0,0,0,0,0
20220627152509,0,0,0,0,0,0,0,0
20220627152510,0,0,0,0,0,0,0,0
20220627152511,0,0,0,0,0,0,0,0
20220627152512,0,0,0,0,0,0,0,0
20220627152513,0,0,0,0,0,0,0,0
20220627152514,0,0,0,0,0,0,0,0
20220627152515,0,0,0,0,0,0,0,0
20220627152516,0,0,0,0,0,0,0,0
20220627152517,0,0,0,0,0,0,0,0
20220627152518,0,0,0,0,0,0,0,0
20220627152519,0,0,0,0,0,0,0,0
20220627152520,0,0,0,0,0,0,0,0
20220627152521,0,0,0,0,0,0,0,0
20220627152522,0,0,0,0,0,0,0,0
20220627152523,0,0,0,0,0,0,0,0
20220627152524,0,0,0,0,0,0,0,0
20220627152525,0,0,0,0,0,0,0,0
20220627152526,0,0,0,0,0,0,0,0
20220627152527,0,0,0,0,0,0,0,0
20220627152528,0,0,0,0,0,0,0,0
20220627152529,0,0,0,0,0,0,0,0
20220627152530,0,0,0,0,0,0,0,0
20220627152531,0,0,0,0,0,0,0,0
20220627152532,0,0,0,0,0,0,0,0
20220627152533,0,0,0,0,0,0,0,0
20220627152534,0,0,0,0,0,0,0,0
20220627152535,0,0,0,0,0,0,0,0
20220627152536,0,0,0,0,0,0,0,0
20220627152537,0,0,0,0,0,0,0,0
20220627152538,0,0,0,0,0,0,0,0
20220627152539,0,0,0,0,0,0,0,0
20220627152540,0,0,0,0,0,0,0,0
20220627152541,0,0,0,0,0,0,0,0
20220627152542,0,0,0,0,0,0,0,0
20220627152543,0,0,0,0,0,0,0,0
20220627152544,0,0,0,0,0,0,0,0
20220627152545,0,0,0,0,0,0,0,0
20220627152546,0,0,0,0,0,0,0,0
20220627152547,0,0,0,0,0,0,0,0
20220627152548,0,0,0,0,0,0,0,0
20220627152549,0,0,0,0,0,0,0,0
20220627152550,0,0,0,0,0,0,0,0
20220627152551,0,0,0,0,0,0,0,0
20220627152552,0,0,0,0,0,0,0,0
20220627152553,0,0,0,0,0,0,0,0
20220627152554,0,0,0,0,0,0,0,0
20220627152555,0,0,0,0,0,0,0,0
20220627152556,0,0,0,0,0,0,0,0
20220627152557,0,0,0,0,0,0,0,0
20220627152558,0,0,0,0,0,0,0,0
20220627152559,0,0,0,0,0,0,0,0
20220627152600,0,0,0,0,0,0,0,0
20220627152601,0,0,0,0,0,0,0,0
20220627152602,0,0,0,0,0,0,0,0
20220627152603,0,0,0,0,0,0,0,0
20220627152604,0,0,0,0,0,0,0,0
20220627152605,0,0,0,0,0,0,0,0
20220627152606,0,0,0,0,0,0,0,0
20220627152607,0,0,0,0,0,0,0,0
20220627152608,0,0,0,0,0,0,0,0
20220627152609,0,0,0,0,0,0,0,0
20220627152610,0,0,0,0,0,0,0,0
20220627152611,0,0,0,0,0,0,0,0
20220627152612,0,0,0,0,0,0,0,0
20220627152613,0,0,0,0,0,0,0,0
20220627152614,0,0,0,0,0,0,0,0
20220627152615,0,0,0,0,0,0,0,0
20220627152616,0,0,0,0,0,0,0,0
20220627152617,0,0,0,0,0,0,0,0
20220627152618,0,0,0,0,0,0,0,0
20220627152619,0,0,0,0,0,0,0,0
20220627152620,0,0,0,0,0,0,0,0
20220627152621,0,0,0,0,0,0,0,0
20220627152622,0,0,0,0,0,0,0,0
20220627152623,0,0,0,0,0,0,0,0
20220627152624,0,0,0,0,0,0,0,0
20220627152625,0,0,0,0,0,0,0,0
20220627152626,0,0,0,0,0,0,0,0
20220627152627,0,0,0,0,0,0,0,0
20220627152628,0,0,0,0,0,0,0,0
20220627152629,0,0,0,0,0,0,0,0
20220627152630,0,0,0,0,0,0,0,0
20220627152631,0,0,0,0,0,0,0,0
20220627152632,0,0,0,0,0,0,0,0
20220627152633,0,0,0,0,0,0,0,0
20220627152634,0,0,0,0,0,0,0,0
20220627152635,0,0,0,0,0,0,0,0
20220627152636,0,0,0,0,0,0,0,0
20220627152637,0,0,0,0,0,0,0,0
20220627152638,0,0,0,0,0,0,0,0
20220627152639,0,0,0,0,0,0,0,0
20220627152640,0,0,0,0,0,0,0,0
20220627152641,0,0,0,0,0,0,0,0
20220627152642,0,0,0,0,0,0,0,0
20220627152643,0,0,0,0,0,0,0,0
20220627152644,0,0,0,0,0,0,0,0
20220627152645,0,0,0,0,0,0,0,0
20220627152646,0,0,0,0,0,0,0,0
20220627152647,0,0,0,0,0,0,0,0
20220627152648,0,0,0,0,0,0,0,0
20220627152649,0,0,0,0,0,0,0,0
20220627152650,0,0,0,0,0,0,0,0
20220627152651,0,0,0,0,0,0,0,0
20220627152652,0,0,0,0,0,0,0,0
20220627152653,0,0,0,0,0,0,0,0
20220627152654,0,0,0,0,0,0,0,0
20220627152655,0,0,0,0,0,0,0,0
20220627152656,0,0,0,0,0,0,0,0
20220627152657,0,0,0,0,0,0,0,0
20220627152658,0,0,0,0,0,0,0,0
20220627152659,0,0,0,0,0,0,0,0
20220627152700,0,0,0,0,0,0,0,0
20220627152701,0,0,0,0,0,0,0,0
20220627152702,0,0,0,0,0,0,0,0
20220627152703,0,0,0,0,0,0,0,0
20220627152704,0,0,0,0,0,0,0,0
20220627152705,0,0,0,0,0,0,0,0
20220627152706,0,0,0,0,0,0,0,0
20220627152707,0,0,0,0,0,0,0,0
20220627152708,0,0,0,0,0,0,0,0
20220627152709,0,0,0,0,0,0,0,0
20220627152710,0,0,0,0,0,0,0,0
20220627152711,0,0,0,0,0,0,0,0
20220627152712,0,0,0,0,0,0,0,0
20220627152713,0,0,0,0,0,0,0,0
20220627152714,0,0,0,0,0,0,0,0
20220627152715,0,0,0,0,0,0,0,0
20220627152716,0,0,0,0,0,0,0,0
20220627152717,0,0,0,0,0,0,0,0
20220627152718,0,0,0,0,0,0,0,0
20220627152719,0,0,0,0,0,0,0,0
20220627152720,0,0,0,0,0,0,0,0
20220627152721,0,0,0,0,0,0,0,0
20220627152722,0,0,0,0,0,0,0,0
20220627152723,0,0,0,0,0,0,0,0
20220627152724,0,0,0,0,0,0,0,0
20220627152725,0,0,0,0,0,0,0,0
20220627152726,0,0,0,0,0,0,0,0
20220627152727,0,0,0,0,0,0,0,0
20220627152728,0,0,0,0,0,0,0,0
20220627152729,0,0,0,0,0,0,0,0
20220627152730,0,0,0,0,0,0,0,0
20220627152731,0,0,0,0,0,0,0,0
20220627152732,0,0,0,0,0,0,0,0
20220627152733,0,0,0,0,0,0,0,0
20220627152734,0,0,0,0,0,0,0,0
20220627152735,0,0,0,0,0,0,0,0
20220627152736,0,0,0,0,0,0,0,0
20220627152737,0,0,0,0,0,0,0,0
20220627152738,0,0,0,0,0,0,0,0
20220627152739,0,0,0,0,0,0,0,0
20220627152740,0,0,0,0,0,0,0,0
20220627152741,0,0,0,0,0,0,0,0
20220627152742,0,0,0,0,0,0,0,0
20220627152743,0,0,0,0,0,0,0,0
20220627152744,0,0,0,0,0,0,0,0
20220627152745,0,0,0,0,0,0,0,0
20220627152746,0,0,0,0,0,0,0,0
20220627152747,0,0,0,0,0,0,0,0
20220627152748,0,0,0,0,0,0,0,0
20220627152749,0,0,0,0,0,0,0,0
20220627152750,0,0,0,0,0,0,0,0
20220627152751,0,0,0,0,0,0,0,0
20220627152752,0,0,0,0,0,0,0,0
20220627152753,0,0,0,0,0,0,0,0
20220627152754,0,0,0,0,0,0,0,0
20220627152755,0,0,0,0,0,0,0,0
20220627152756,0,0,0,0,0,0,0,0
20220627152757,0,0,0,0,0,0,0,0
20220627152758,0,0,0,0,0,0,0,0
20220627152759,0,0,0,0,0,0,0,0
20220627152800,0,0,0,0,0,0,0,0
20220627152801,0,0,0,0,0,0,0,0
20220627152802,0,0,0,0,0,0,0,0
20220627152803,0,0,0,0,0,0,0,0
20220627152804,0,0,0,0,0,0,0,0
20220627152805,0,0,0,0,0,0,0,0
20220627152806,0,0,0,0,0,0,0,0
20220627152807,0,0,0,0,0,0,0,0
20220627152808,0,0,0,0,0,0,0,0
20220627152809,0,0,0,0,0,0,0,0
20220627152810,0,0,0,0,0,0,0,0
20220627152811,0,0,0,0,0,0,0,0
20220627152812,0,0,0,0,0,0,0,0
20220627152813,0,0,0,0,0,0,0,0
20220627152814,0,0,0,0,0,0,0,0
20220627152815,0,0,0,0,0,0,0,0
20220627152816,0,0,0,0,0,0,0,0
20220627152817,0,0,0,0,0,0,0,0
20220627152818,0,0,0,0,0,0,0,0
20220627152819,0,0,0,0,0,0,0,0
20220627152820,0,0,0,0,0,0,0,0
20220627152821,0,0,0,0,0,0,0,0
20220627152822,0,0,0,0,0,0,0,0
20220627152823,0,0,0,0,0,0,0,0
20220627152824,0,0,0,0,0,0,0,0
20220627152825,0,0,0,0,0,0,0,0
20220627152826,0,0,0,0,0,0,0,0
20220627152827,0,0,0,0,0,0,0,0
20220627152828,0,0,0,0,0,0,0,0
20220627152829,0,0,0,0,0,0,0,0
20220627152830,0,0,0,0,0,0,0,0
20220627152831,0,0,0,0,0,0,0,0
20220627152832,0,0,0,0,0,0,0,0
20220627152833,0,0,0,0,0,0,0,0
20220627152834,0,0,0,0,0,0,0,0
20220627152835,0,0,0,0,0,0,0,0
20220627152836,0,0,0,0,0,0,0,0
20220627152837,0,0,0,0,0,0,0,0
20220627152838,0,0,0,0,0,0,0,0
20220627152839,0,0,0,0,0,0,0,0
20220627152840,0,0,0,0,0,0,0,0
20220627152841,0,0,0,0,0,0,0,0
20220627152842,0,0,0,0,0,0,0,0
20220627152843,0,0,0,0,0,0,0,0
20220627152844,0,0,0,0,0,0,0,0
20220627152845,0,0,0,0,0,0,0,0
20220627152846,0,0,0,0,0,0,0,0
20220627152847,0,0,0,0,0,0,0,0
20220627152848,0,0,0,0,0,0,0,0
20220627152849,0,0,0,0,0,0,0,0
20220627152850,0,0,0,0,0,0,0,0
20220627152851,0,0,0,0,0,0,0,0
20220627152852,0,0,0,0,0,0,0,0
20220627152853,0,0,0,0,0,0,0,0
20220627152854,0,0,0,0,0,0,0,0
20220627152855,0,0,0,0,0,0,0,0
20220627152856,0,0,0,0,0,0,0,0
20220627152857,0,0,0,0,0,0,0,0
20220627152858,0,0,0,0,0,0,0,0
20220627152859,0,0,0,0,0,0,0,0
20220627152900,0,0,0,0,0,0,0,0
20220627152901,0,0,0,0,0,0,0,0
20220627152902,0,0,0,0,0,0,0,0
20220627152903,0,0,0,0,0,0,0,0
20220627152904,0,0,0,0,0,0,0,0
20220627152905,0,0,0,0,0,0,0,0
20220627152906,0,0,0,0,0,0,0,0
20220627152907,0,0,0,0,0,0,0,0
20220627152908,0,0,0,0,0,0,0,0
20220627152909,0,0,0,0,0,0,0,0
20220627152910,0,0,0,0,0,0,0,0
20220627152911,0,0,0,0,0,0,0,0
20220627152912,0,0,0,0,0,0,0,0
20220627152913,0,0,0,0,0,0,0,0
20220627152914,0,0,0,0,0,0,0,0
20220627152915,0,0,0,0,0,0,0,0
20220627152916,0,0,0,0,0,0,0,0
20220627152917,0,0,0,0,0,0,0,0
20220627152918,0,0,0,0,0,0,0,0
20220627152919,0,0,0,0,0,0,0,0
20220627152920,0,0,0,0,0,0,0,0
20220627152921,0,0,0,0,0,0,0,0
20220627152922,0,0,0,0,0,0,0,0
20220627152923,0,0,0,0,0,0,0,0
20220627152924,0,0,0,0,0,0,0,0
20220627152925,0,0,0,0,0,0,0,0
20220627152926,0,0,0,0,0,0,0,0
20220627152927,0,0,0,0,0,0,0,0
20220627152928,0,0,0,0,0,0,0,0
20220627152929,0,0,0,0,0,0,0,0
20220627152930,0,0,0,0,0,0,0,0
20220627152931,0,0,0,0,0,0,0,0
20220627152932,0,0,0,0,0,0,0,0
20220627152933,0,0,0,0,0,0,0,0
20220627152934,0,0,0,0,0,0,0,0
20220627152935,0,0,0,0,0,0,0,0
20220627152936,0,0,0,0,0,0,0,0
20220627152937,0,0,0,0,0,0,0,0
20220627152938,0,0,0,0,0,0,0,0
20220627152939,0,0,0,0,0,0,0,0
20220627152940,0,0,0,0,0,0,0,0
20220627152941,0,0,0,0,0,0,0,0
20220627152942,0,0,0,0,0,0,0,0
20220627152943,0,0,0,0,0,0,0,0
20220627152944,0,0,0,0,0,0,0,0
20220627152945,0,0,0,0,0,0,0,0
20220627152946,0,0,0,0,0,0,0,0
20220627152947,0,0,0,0,0,0,0,0
20220627152948,0,0,0,0,0,0,0,0
20220627152949,0,0,0,0,0,0,0,0
20220627152950,0,0,0,0,0,0,0,0
20220627152951,0,0,0,0,0,0,0,0
20220627152952,0,0,0,0,0,0,0,0
20220627152953,0,0,0,0,0,0,0,0
20220627152954,0,0,0,0,0,0,0,0
20220627152955,0,0,0,0,0,0,0,0
20220627152956,0,0,0,0,0,0,0,0
20220627152957,0,0,0,0,0,0,0,0
20220627152958,0,0,0,0,0,0,0,0
20220627152959,0,0,0,0,0,0,0,0
20220627153000,0,0,0,0,0,0,0,0
20220627153001,0,0,0,0,0,0,0,0
20220627153002,0,0,0,0,0,0,0,0
20220627153003,0,0,0,0,0,0,0,0
20220627153004,0,0,0,0,0,0,0,0
20220627153005,0,0,0,0,0,0,0,0
20220627153006,0,0,0,0,0,0,0,0
20220627153007,0,0,0,0,0,0,0,0
20220627153008,0,0,0,0,0,0,0,0
20220627153009,0,0,0,0,0,0,0,0
20220627153010,0,0,0,0,0,0,0,0
20220627153011,0,0,0,0,0,0,0,0
20220627153012,0,0,0,0,0,0,0,0
20220627153013,0,0,0,0,0,0,0,0
20220627153014,0,0,0,0,0,0,0,0
20220627153015,0,0,0,0,0,0,0,0
20220627153016,0,0,0,0,0,0,0,0
20220627153017,0,0,0,0,0,0,0,0
20220627153018,0,0,0,0,0,0,0,0
20220627153019,0,0,0,0,0,0,0,0
20220627153020,0,0,0,0,0,0,0,0
20220627153021,0,0,0,0,0,0,0,0
20220627153022,0,0,0,0,0,0,0,0
20220627153023,0,0,0,0,0,0,0,0
20220627153024,0,0,0,0,0,0,0,0
20220627153025,0,0,0,0,0,0,0,0
20220627153026,0,0,0,0,0,0,0,0
20220627153027,0,0,0,0,0,0,0,0
20220627153028,0,0,0,0,0,0,0,0
20220627153029,0,0,0,0,0,0,0,0
20220627153030,0,0,0,0,0,0,0,0
20220627153031,0,0,0,0,0,0,0,0
20220627153032,0,0,0,0,0,0,0,0
20220627153033,0,0,0,0,0,0,0,0
20220627153034,0,0,0,0,0,0,0,0
20220627153035,0,0,0,0,0,0,0,0
20220627153036,0,0,0,0,0,0,0,0
20220627153037,0,0,0,0,0,0,0,0
20220627153038,0,0,0,0,0,0,0,0
20220627153039,0,0,0,0,0,0,0,0
20220627153040,0,0,0,0,0,0,0,0
20220627153041,0,0,0,0,0,0,0,0
20220627153042,0,0,0,0,0,0,0,0
20220627153043,0,0,0,0,0,0,0,0
20220627153044,0,0,0,0,0,0,0,0
20220627153045,0,0,0,0,0,0,0,0
20220627153046,0,0,0,0,0,0,0,0
20220627153047,0,0,0,0,0,0,0,0
20220627153048,0,0,0,0,0,0,0,0
20220627153049,0,0,0,0,0,0,0,0
20220627153050,0,0,0,0,0,0,0,0
20220627153051,0,0,0,0,0,0,0,0
20220627153052,0,0,0,0,0,0,0,0
20220627153053,0,0,0,0,0,0,0,0
20220627153054,0,0,0,0,0,0,0,0
20220627153055,0,0,0,0,0,0,0,0
20220627153056,0,0,0,0,0,0,0,0
20220627153057,0,0,0,0,0,0,0,0
20220627153058,0,0,0,0,0,0,0,0
20220627153059,0,0,0,0,0,0,0,0
20220627153100,0,0,0,0,0,0,0,0
20220627153101,0,0,0,0,0,0,0,0
20220627153102,0,0,0,0,0,0,0,0
20220627153103,0,0,0,0,0,0,0,0
20220627153104,0,0,0,0,0,0,0,0
20220627153105,0,0,0,0,0,0,0,0
20220627153106,0,0,0,0,0,0,0,0
20220627153107,0,0,0,0,0,0,0,0
20220627153108,0,0,0,0,0,0,0,0
20220627153109,0,0,0,0,0,0,0,0
20220627153110,0,0,0,0,0,0,0,0
20220627153111,0,0,0,0,0,0,0,0
20220627153112,0,0,0,0,0,0,0,0
20220627153113,0,0,0,0,0,0,0,0
20220627153114,0,0,0,0,0,0,0,0
20220627153115,0,0,0,0,0,0,0,0
20220627153116,0,0,0,0,0,0,0,0
20220627153117,0,0,0,0,0,0,0,0
20220627153118,0,0,0,0,0,0,0,0
20220627153119,0,0,0,0,0,0,0,0
20220627153120,0,0,0,0,0,0,0,0
20220627153121,0,0,0,0,0,0,0,0
20220627153122,0,0,0,0,0,0,0,0
20220627153123,0,0,0,0,0,0,0,0
20220627153124,0,0,0,0,0,0,0,0
20220627153125,0,0,0,0,0,0,0,0
20220627153126,0,0,0,0,0,0,0,0
20220627153127,0,0,0,0,0,0,0,0
20220627153128,0,0,0,0,0,0,0,0
20220627153129,0,0,0,0,0,0,0,0
20220627153130,0,0,0,0,0,0,0,0
20220627153131,0,0,0,0,0,0,0,0
20220627153132,0,0,0,0,0,0,0,0
20220627153133,0,0,0,0,0,0,0,0
20220627153134,0,0,0,0,0,0,0,0
20220627153135,0,0,0,0,0,0,0,0
20220627153136,0,0,0,0,0,0,0,0
20220627153137,0,0,0,0,0,0,0,0
20220627153138,0,0,0,0,0,0,0,0
20220627153139,0,0,0,0,0,0,0,0
20220627153140,0,0,0,0,0,0,0,0
20220627153141,0,0,0,0,0,0,0,0
20220627153142,0,0,0,0,0,0,0,0
20220627153143,0,0,0,0,0,0,0,0
20220627153144,0,0,0,0,0,0,0,0
20220627153145,0,0,0,0,0,0,0,0
20220627153146,0,0,0,0,0,0,0,0
20220627153147,0,0,0,0,0,0,0,0
20220627153148,0,0,0,0,0,0,0,0
20220627153149,0,0,0,0,0,0,0,0
20220627153150,0,0,0,0,0,0,0,0
20220627153151,0,0,0,0,0,0,0,0
20220627153152,0,0,0,0,0,0,0,0
20220627153153,0,0,0,0,0,0,0,0
20220627153154,0,0,0,0,0,0,0,0
20220627153155,0,0,0,0,0,0,0,0
20220627153156,0,0,0,0,0,0,0,0
20220627153157,0,0,0,0,0,0,0,0
20220627153158,0,0,0,0,0,0,0,0
20220627153159,0,0,0,0,0,0,0,0
20220627153200,0,0,0,0,0,0,0,0
20220627153201,0,0,0,0,0,0,0,0
20220627153202,0,0,0,0,0,0,0,0
20220627153203,0,0,0,0,0,0,0,0
20220627153204,0,0,0,0,0,0,0,0
20220627153205,0,0,0,0,0,0,0,0
20220627153206,0,0,0,0,0,0,0,0
20220627153207,0,0,0,0,0,0,0,0
20220627153208,0,0,0,0,0,0,0,0
20220627153209,0,0,0,0,0,0,0,0
20220627153210,0,0,0,0,0,0,0,0
20220627153211,0,0,0,0,0,0,0,0
20220627153212,0,0,0,0,0,0,0,0
20220627153213,0,0,0,0,0,0,0,0
20220627153214,0,0,0,0,0,0,0,0
20220627153215,0,0,0,0,0,0,0,0
20220627153216,0,0,0,0,0,0,0,0
20220627153217,0,0,0,0,0,0,0,0
20220627153218,0,0,0,0,0,0,0,0
20220627153219,0,0,0,0,0,0,0,0
20220627153220,0,0,0,0,0,0,0,0
20220627153221,0,0,0,0,0,0,0,0
20220627153222,0,0,0,0,0,0,0,0
20220627153223,0,0,0,0,0,0,0,0
20220627153224,0,0,0,0,0,0,0,0
20220627153225,0,0,0,0,0,0,0,0
20220627153226,0,0,0,0,0,0,0,0
20220627153227,0,0,0,0,0,0,0,0
20220627153228,0,0,0,0,0,0,0,0
20220627153229,0,0,0,0,0,0,0,0
20220627153230,0,0,0,0,0,0,0,0
20220627153231,0,0,0,0,0,0,0,0
20220627153232,0,0,0,0,0,0,0,0
20220627153233,0,0,0,0,0,0,0,0
20220627153234,0,0,0,0,0,0,0,0
20220627153235,0,0,0,0,0,0,0,0
20220627153236,0,0,0,0,0,0,0,0
20220627153237,0,0,0,0,0,0,0,0
20220627153238,0,0,0,0,0,0,0,0
20220627153239,0,0,0,0,0,0,0,0
20220627153240,0,0,0,0,0,0,0,0
20220627153241,0,0,0,0,0,0,0,0
20220627153242,0,0,0,0,0,0,0,0
20220627153243,0,0,0,0,0,0,0,0
20220627153244,0,0,0,0,0,0,0,0
20220627153245,0,0,0,0,0,0,0,0
20220627153246,0,0,0,0,0,0,0,0
20220627153247,0,0,0,0,0,0,0,0
20220627153248,0,0,0,0,0,0,0,0
20220627153249,0,0,0,0,0,0,0,0
20220627153250,0,0,0,0,0,0,0,0
20220627153251,0,0,0,0,0,0,0,0
20220627153252,0,0,0,0,0,0,0,0
20220627153253,0,0,0,0,0,0,0,0
20220627153254,0,0,0,0,0,0,0,0
20220627153255,0,0,0,0,0,0,0,0
20220627153256,0,0,0,0,0,0,0,0
20220627153257,0,0,0,0,0,0,0,0
20220627153258,0,0,0,0,0,0,0,0
20220627153259,0,0,0,0,0,0,0,0
20220627153300,0,0,0,0,0,0,0,0
20220627153301,0,0,0,0,0,0,0,0
20220627153302,0,0,0,0,0,0,0,0
20220627153303,0,0,0,0,0,0,0,0
20220627153304,0,0,0,0,0,0,0,0
20220627153305,0,0,0,0,0,0,0,0
20220627153306,0,0,0,0,0,0,0,0
20220627153307,0,0,0,0,0,0,0,0
20220627153308,0,0,0,0,0,0,0,0
20220627153309,0,0,0,0,0,0,0,0
20220627153310,0,0,0,0,0,0,0,0
20220627153311,0,0,0,0,0,0,0,0
20220627153312,0,0,0,0,0,0,0,0
20220627153313,0,0,0,0,0,0,0,0
20220627153314,0,0,0,0,0,0,0,0
20220627153315,0,0,0,0,0,0,0,0
20220627153316,0,0,0,0,0,0,0,0
20220627153317,0,0,0,0,0,0,0,0
20220627153318,0,0,0,0,0,0,0,0
20220627153319,0,0,0,0,0,0,0,0
20220627153320,0,0,0,0,0,0,0,0
20220627153321,0,0,0,0,0,0,0,0
20220627153322,0,0,0,0,0,0,0,0
20220627153323,0,0,0,0,0,0,0,0
20220627153324,0,0,0,0,0,0,0,0
20220627153325,0,0,0,0,0,0,0,0
20220627153326,0,0,0,0,0,0,0,0
20220627153327,0,0,0,0,0,0,0,0
20220627153328,0,0,0,0,0,0,0,0
20220627153329,0,0,0,0,0,0,0,0
20220627153330,0,0,0,0,0,0,0,0
20220627153331,0,0,0,0,0,0,0,0
20220627153332,0,0,0,0,0,0,0,0
20220627153333,0,0,0,0,0,0,0,0
20220627153334,0,0,0,0,0,0,0,0
20220627153335,0,0,0,0,0,0,0,0
20220627153336,0,0,0,0,0,0,0,0
20220627153337,0,0,0,0,0,0,0,0
20220627153338,0,0,0,0,0,0,0,0
20220627153339,0,0,0,0,0,0,0,0
20220627153340,0,0,0,0,0,0,0,0
20220627153341,0,0,0,0,0,0,0,0
20220627153342,0,0,0,0,0,0,0,0
20220627153343,0,0,0,0,0,0,0,0
20220627153344,0,0,0,0,0,0,0,0
20220627153345,0,0,0,0,0,0,0,0
20220627153346,0,0,0,0,0,0,0,0
20220627153347,0,0,0,0,0,0,0,0
20220627153348,0,0,0,0,0,0,0,0
20220627153349,0,0,0,0,0,0,0,0
20220627153350,0,0,0,0,0,0,0,0
20220627153351,0,0,0,0,0,0,0,0
20220627153352,0,0,0,0,0,0,0,0
20220627153353,0,0,0,0,0,0,0,0
20220627153354,0,0,0,0,0,0,0,0
20220627153355,0,0,0,0,0,0,0,0
20220627153356,0,0,0,0,0,0,0,0
20220627153357,0,0,0,0,0,0,0,0
20220627153358,0,0,0,0,0,0,0,0
20220627153359,0,0,0,0,0,0,0,0
20220627153400,0,0,0,0,0,0,0,0
20220627153401,0,0,0,0,0,0,0,0
20220627153402,0,0,0,0,0,0,0,0
20220627153403,0,0,0,0,0,0,0,0
20220627153404,0,0,0,0,0,0,0,0
20220627153405,0,0,0,0,0,0,0,0
20220627153406,0,0,0,0,0,0,0,0
20220627153407,0,0,0,0,0,0,0,0
20220627153408,0,0,0,0,0,0,0,0
20220627153409,0,0,0,0,0,0,0,0
20220627153410,0,0,0,0,0,0,0,0
20220627153411,0,0,0,0,0,0,0,0
20220627153412,0,0,0,0,0,0,0,0
20220627153413,0,0,0,0,0,0,0,0
20220627153414,0,0,0,0,0,0,0,0
20220627153415,0,0,0,0,0,0,0,0
20220627153416,0,0,0,0,0,0,0,0
20220627153417,0,0,0,0,0,0,0,0
20220627153418,0,0,0,0,0,0,0,0
20220627153419,0,0,0,0,0,0,0,0
20220627153420,0,0,0,0,0,0,0,0
20220627153421,0,0,0,0,0,0,0,0
20220627153422,0,0,0,0,0,0,0,0
20220627153423,0,0,0,0,0,0,0,0
20220627153424,0,0,0,0,0,0,0,0
20220627153425,0,0,0,0,0,0,0,0
20220627153426,0,0,0,0,0,0,0,0
20220627153427,0,0,0,0,0,0,0,0
20220627153428,0,0,0,0,0,0,0,0
20220627153429,0,0,0,0,0,0,0,0
20220627153430,0,0,0,0,0,0,0,0
20220627153431,0,0,0,0,0,0,0,0
20220627153432,0,0,0,0,0,0,0,0
20220627153433,0,0,0,0,0,0,0,0
20220627153434,0,0,0,0,0,0,0,0
20220627153435,0,0,0,0,0,0,0,0
20220627153436,0,0,0,0,0,0,0,0
20220627153437,0,0,0,0,0,0,0,0
20220627153438,0,0,0,0,0,0,0,0
20220627153439,0,0,0,0,0,0,0,0
20220627153440,0,0,0,0,0,0,0,0
20220627153441,0,0,0,0,0,0,0,0
20220627153442,0,0,0,0,0,0,0,0
20220627153443,0,0,0,0,0,0,0,0
20220627153444,0,0,0,0,0,0,0,0
20220627153445,0,0,0,0,0,0,0,0
20220627153446,0,0,0,0,0,0,0,0
20220627153447,0,0,0,0,0,0,0,0
20220627153448,0,0,0,0,0,0,0,0
20220627153449,0,0,0,0,0,0,0,0
20220627153450,0,0,0,0,0,0,0,0
20220627153451,0,0,0,0,0,0,0,0
20220627153452,0,0,0,0,0,0,0,0
20220627153453,0,0,0,0,0,0,0,0
20220627153454,0,0,0,0,0,0,0,0
20220627153455,0,0,0,0,0,0,0,0
20220627153456,0,0,0,0,0,0,0,0
20220627153457,0,0,0,0,0,0,0,0
20220627153458,0,0,0,0,0,0,0,0
20220627153459,0,0,0,0,0,0,0,0
20220627153500,0,0,0,0,0,0,0,0
20220627153501,0,0,0,0,0,0,0,0
20220627153502,0,0,0,0,0,0,0,0
20220627153503,0,0,0,0,0,0,0,0
20220627153504,0,0,0,0,0,0,0,0
20220627153505,0,0,0,0,0,0,0,0
20220627153506,0,0,0,0,0,0,0,0
20220627153507,0,0,0,0,0,0,0,0
20220627153508,0,0,0,0,0,0,0,0
20220627153509,0,0,0,0,0,0,0,0
20220627153510,0,0,0,0,0,0,0,0
20220627153511,0,0,0,0,0,0,0,0
20220627153512,0,0,0,0,0,0,0,0
20220627153513,0,0,0,0,0,0,0,0
20220627153514,0,0,0,0,0,0,0,0
20220627153515,0,0,0,0,0,0,0,0
20220627153516,0,0,0,0,0,0,0,0
20220627153517,0,0,0,0,0,0,0,0
20220627153518,0,0,0,0,0,0,0,0
20220627153519,0,0,0,0,0,0,0,0
20220627153520,0,0,0,0,0,0,0,0
20220627153521,0,0,0,0,0,0,0,0
20220627153522,0,0,0,0,0,0,0,0
20220627153523,0,0,0,0,0,0,0,0
20220627153524,0,0,0,0,0,0,0,0
20220627153525,0,0,0,0,0,0,0,0
20220627153526,0,0,0,0,0,0,0,0
20220627153527,0,0,0,0,0,0,0,0
20220627153528,0,0,0,0,0,0,0,0
20220627153529,0,0,0,0,0,0,0,0
20220627153530,0,0,0,0,0,0,0,0
20220627153531,0,0,0,0,0,0,0,0
20220627153532,0,0,0,0,0,0,0,0
20220627153533,0,0,0,0,0,0,0,0
20220627153534,0,0,0,0,0,0,0,0
20220627153535,0,0,0,0,0,0,0,0
20220627153536,0,0,0,0,0,0,0,0
20220627153537,0,0,0,0,0,0,0,0
20220627153538,0,0,0,0,0,0,0,0
20220627153539,0,0,0,0,0,0,0,0
20220627153540,0,0,0,0,0,0,0,0
20220627153541,0,0,0,0,0,0,0,0
20220627153542,0,0,0,0,0,0,0,0
20220627153543,0,0,0,0,0,0,0,0
20220627153544,0,0,0,0,0,0,0,0
20220627153545,0,0,0,0,0,0,0,0
20220627153546,0,0,0,0,0,0,0,0
20220627153547,0,0,0,0,0,0,0,0
20220627153548,0,0,0,0,0,0,0,0
20220627153549,0,0,0,0,0,0,0,0
20220627153550,0,0,0,0,0,0,0,0
20220627153551,0,0,0,0,0,0,0,0
20220627153552,0,0,0,0,0,0,0,0
20220627153553,0,0,0,0,0,0,0,0
20220627153554,0,0,0,0,0,0,0,0
20220627153555,0,0,0,0,0,0,0,0
20220627153556,0,0,0,0,0,0,0,0
20220627153557,0,0,0,0,0,0,0,0
20220627153558,0,0,0,0,0,0,0,0
20220627153559,0,0,0,0,0,0,0,0
20220627153600,0,0,0,0,0,0,0,0
20220627153601,0,0,0,0,0,0,0,0
20220627153602,0,0,0,0,0,0,0,0
20220627153603,0,0,0,0,0,0,0,0
20220627153604,0,0,0,0,0,0,0,0
20220627153605,0,0,0,0,0,0,0,0
20220627153606,0,0,0,0,0,0,0,0
20220627153607,0,0,0,0,0,0,0,0
20220627153608,0,0,0,0,0,0,0,0
20220627153609,0,0,0,0,0,0,0,0
20220627153610,0,0,0,0,0,0,0,0
20220627153611,0,0,0,0,0,0,0,0
20220627153612,0,0,0,0,0,0,0,0
20220627153613,0,0,0,0,0,0,0,0
20220627153614,0,0,0,0,0,0,0,0
20220627153615,0,0,0,0,0,0,0,0
20220627153616,0,0,0,0,0,0,0,0
20220627153617,0,0,0,0,0,0,0,0
20220627153618,0,0,0,0,0,0,0,0
20220627153619,0,0,0,0,0,0,0,0
20220627153620,0,0,0,0,0,0,0,0
20220627153621,0,0,0,0,0,0,0,0
20220627153622,0,0,0,0,0,0,0,0
20220627153623,0,0,0,0,0,0,0,0
20220627153624,0,0,0,0,0,0,0,0
20220627153625,0,0,0,0,0,0,0,0
20220627153626,0,0,0,0,0,0,0,0
20220627153627,0,0,0,0,0,0,0,0
20220627153628,0,0,0,0,0,0,0,0
20220627153629,0,0,0,0,0,0,0,0
20220627153630,0,0,0,0,0,0,0,0
20220627153631,0,0,0,0,0,0,0,0
20220627153632,0,0,0,0,0,0,0,0
20220627153633,0,0,0,0,0,0,0,0
20220627153634,0,0,0,0,0,0,0,0
20220627153635,0,0,0,0,0,0,0,0
20220627153636,0,0,0,0,0,0,0,0
20220627153637,0,0,0,0,0,0,0,0
20220627153638,0,0,0,0,0,0,0,0
20220627153639,0,0,0,0,0,0,0,0
20220627153640,0,0,0,0,0,0,0,0
20220627153641,0,0,0,0,0,0,0,0
20220627153642,0,0,0,0,0,0,0,0
20220627153643,0,0,0,0,0,0,0,0
20220627153644,0,0,0,0,0,0,0,0
20220627153645,0,0,0,0,0,0,0,0
20220627153646,0,0,0,0,0,0,0,0
20220627153647,0,0,0,0,0,0,0,0
20220627153648,0,0,0,0,0,0,0,0
20220627153649,0,0,0,0,0,0,0,0
20220627153650,0,0,0,0,0,0,0,0
20220627153651,0,0,0,0,0,0,0,0
20220627153652,0,0,0,0,0,0,0,0
20220627153653,0,0,0,0,0,0,0,0
20220627153654,0,0,0,0,0,0,0,0
20220627153655,0,0,0,0,0,0,0,0
20220627153656,0,0,0,0,0,0,0,0
20220627153657,0,0,0,0,0,0,0,0
20220627153658,0,0,0,0,0,0,0,0
20220627153659,0,0,0,0,0,0,0,0
20220627153700,0,0,0,0,0,0,0,0
20220627153701,0,0,0,0,0,0,0,0
20220627153702,0,0,0,0,0,0,0,0
20220627153703,0,0,0,0,0,0,0,0
20220627153704,0,0,0,0,0,0,0,0
20220627153705,0,0,0,0,0,0,0,0
20220627153706,0,0,0,0,0,0,0,0
20220627153707,0,0,0,0,0,0,0,0
20220627153708,0,0,0,0,0,0,0,0
20220627153709,0,0,0,0,0,0,0,0
20220627153710,0,0,0,0,0,0,0,0
20220627153711,0,0,0,0,0,0,0,0
20220627153712,0,0,0,0,0,0,0,0
20220627153713,0,0,0,0,0,0,0,0
20220627153714,0,0,0,0,0,0,0,0
20220627153715,0,0,0,0,0,0,0,0
20220627153716,0,0,0,0,0,0,0,0
20220627153717,0,0,0,0,0,0,0,0
20220627153718,0,0,0,0,0,0,0,0
20220627153719,0,0,0,0,0,0,0,0
20220627153720,0,0,0,0,0,0,0,0
20220627153721,0,0,0,0,0,0,0,0
20220627153722,0,0,0,0,0,0,0,0
20220627153723,0,0,0,0,0,0,0,0
20220627153724,0,0,0,0,0,0,0,0
20220627153725,0,0,0,0,0,0,0,0
20220627153726,0,0,0,0,0,0,0,0
20220627153727,0,0,0,0,0,0,0,0
20220627153728,0,0,0,0,0,0,0,0
20220627153729,0,0,0,0,0,0,0,0
20220627153730,0,0,0,0,0,0,0,0
20220627153731,0,0,0,0,0,0,0,0
20220627153732,0,0,0,0,0,0,0,0
20220627153733,0,0,0,0,0,0,0,0
20220627153734,0,0,0,0,0,0,0,0
20220627153735,0,0,0,0,0,0,0,0
20220627153736,0,0,0,0,0,0,0,0
20220627153737,0,0,0,0,0,0,0,0
20220627153738,0,0,0,0,0,0,0,0
20220627153739,0,0,0,0,0,0,0,0
20220627153740,0,0,0,0,0,0,0,0
20220627153741,0,0,0,0,0,0,0,0
20220627153742,0,0,0,0,0,0,0,0
20220627153743,0,0,0,0,0,0,0,0
20220627153744,0,0,0,0,0,0,0,0
20220627153745,0,0,0,0,0,0,0,0
20220627153746,0,0,0,0,0,0,0,0
20220627153747,0,0,0,0,0,0,0,0
20220627153748,0,0,0,0,0,0,0,0
20220627153749,0,0,0,0,0,0,0,0
20220627153750,0,0,0,0,0,0,0,0
20220627153751,0,0,0,0,0,0,0,0
20220627153752,0,0,0,0,0,0,0,0
20220627153753,0,0,0,0,0,0,0,0
20220627153754,0,0,0,0,0,0,0,0
20220627153755,0,0,0,0,0,0,0,0
20220627153756,0,0,0,0,0,0,0,0
20220627153757,0,0,0,0,0,0,0,0
20220627153758,0,0,0,0,0,0,0,0
20220627153759,0,0,0,0,0,0,0,0
20220627153800,0,0,0,0,0,0,0,0
20220627153801,0,0,0,0,0,0,0,0
20220627153802,0,0,0,0,0,0,0,0
20220627153803,0,0,0,0,0,0,0,0
20220627153804,0,0,0,0,0,0,0,0
20220627153805,0,0,0,0,0,0,0,0
20220627153806,0,0,0,0,0,0,0,0
20220627153807,0,0,0,0,0,0,0,0
20220627153808,0,0,0,0,0,0,0,0
20220627153809,0,0,0,0,0,0,0,0
20220627153810,0,0,0,0,0,0,0,0
20220627153811,0,0,0,0,0,0,0,0
20220627153812,0,0,0,0,0,0,0,0
20220627153813,0,0,0,0,0,0,0,0
20220627153814,0,0,0,0,0,0,0,0
20220627153815,0,0,0,0,0,0,0,0
20220627153816,0,0,0,0,0,0,0,0
20220627153817,0,0,0,0,0,0,0,0
20220627153818,0,0,0,0,0,0,0,0
20220627153819,0,0,0,0,0,0,0,0
20220627153820,0,0,0,0,0,0,0,0
20220627153821,0,0,0,0,0,0,0,0
20220627153822,0,0,0,0,0,0,0,0
20220627153823,0,0,0,0,0,0,0,0
20220627153824,0,0,0,0,0,0,0,0
20220627153825,0,0,0,0,0,0,0,0
20220627153826,0,0,0,0,0,0,0,0
20220627153827,0,0,0,0,0,0,0,0
20220627153828,0,0,0,0,0,0,0,0
20220627153829,0,0,0,0,0,0,0,0
20220627153830,0,0,0,0,0,0,0,0
20220627153831,0,0,0,0,0,0,0,0
20220627153832,0,0,0,0,0,0,0,0
20220627153833,0,0,0,0,0,0,0,0
20220627153834,0,0,0,0,0,0,0,0
20220627153835,0,0,0,0,0,0,0,0
20220627153836,0,0,0,0,0,0,0,0
20220627153837,0,0,0,0,0,0,0,0
20220627153838,0,0,0,0,0,0,0,0
20220627153839,0,0,0,0,0,0,0,0
20220627153840,0,0,0,0,0,0,0,0
20220627153841,0,0,0,0,0,0,0,0
20220627153842,0,0,0,0,0,0,0,0
20220627153843,0,0,0,0,0,0,0,0
20220627153844,0,0,0,0,0,0,0,0
20220627153845,0,0,0,0,0,0,0,0
20220627153846,0,0,0,0,0,0,0,0
20220627153847,0,0,0,0,0,0,0,0
20220627153848,0,0,0,0,0,0,0,0
20220627153849,0,0,0,0,0,0,0,0
20220627153850,0,0,0,0,0,0,0,0
20220627153851,0,0,0,0,0,0,0,0
20220627153852,0,0,0,0,0,0,0,0
20220627153853,0,0,0,0,0,0,0,0
20220627153854,0,0,0,0,0,0,0,0
20220627153855,0,0,0,0,0,0,0,0
20220627153856,0,0,0,0,0,0,0,0
20220627153857,0,0,0,0,0,0,0,0
20220627153858,0,0,0,0,0,0,0,0
20220627153859,0,0,0,0,0,0,0,0
20220627153900,0,0,0,0,0,0,0,0
20220627153901,0,0,0,0,0,0,0,0
20220627153902,0,0,0,0,0,0,0,0
20220627153903,0,0,0,0,0,0,0,0
20220627153904,0,0,0,0,0,0,0,0
20220627153905,0,0,0,0,0,0,0,0
20220627153906,0,0,0,0,0,0,0,0
20220627153907,0,0,0,0,0,0,0,0
20220627153908,0,0,0,0,0,0,0,0
20220627153909,0,0,0,0,0,0,0,0
20220627153910,0,0,0,0,0,0,0,0
20220627153911,0,0,0,0,0,0,0,0
20220627153912,0,0,0,0,0,0,0,0
20220627153913,0,0,0,0,0,0,0,0
20220627153914,0,0,0,0,0,0,0,0
20220627153915,0,0,0,0,0,0,0,0
20220627153916,0,0,0,0,0,0,0,0
20220627153917,0,0,0,0,0,0,0,0
20220627153918,0,0,0,0,0,0,0,0
20220627153919,0,0,0,0,0,0,0,0
20220627153920,0,0,0,0,0,0,0,0
20220627153921,0,0,0,0,0,0,0,0
20220627153922,0,0,0,0,0,0,0,0
20220627153923,0,0,0,0,0,0,0,0
20220627153924,0,0,0,0,0,0,0,0
20220627153925,0,0,0,0,0,0,0,0
20220627153926,0,0,0,0,0,0,0,0
20220627153927,0,0,0,0,0,0,0,0
20220627153928,0,0,0,0,0,0,0,0
20220627153929,0,0,0,0,0,0,0,0
20220627153930,0,0,0,0,0,0,0,0
20220627153931,0,0,0,0,0,0,0,0
20220627153932,0,0,0,0,0,0,0,0
20220627153933,0,0,0,0,0,0,0,0
20220627153934,0,0,0,0,0,0,0,0
20220627153935,0,0,0,0,0,0,0,0
20220627153936,0,0,0,0,0,0,0,0
20220627153937,0,0,0,0,0,0,0,0
20220627153938,0,0,0,0,0,0,0,0
20220627153939,0,0,0,0,0,0,0,0
20220627153940,0,0,0,0,0,0,0,0
20220627153941,0,0,0,0,0,0,0,0
20220627153942,0,0,0,0,0,0,0,0
20220627153943,0,0,0,0,0,0,0,0
20220627153944,0,0,0,0,0,0,0,0
20220627153945,0,0,0,0,0,0,0,0
20220627153946,0,0,0,0,0,0,0,0
20220627153947,0,0,0,0,0,0,0,0
20220627153948,0,0,0,0,0,0,0,0
20220627153949,0,0,0,0,0,0,0,0
20220627153950,0,0,0,0,0,0,0,0
20220627153951,0,0,0,0,0,0,0,0
20220627153952,0,0,0,0,0,0,0,0
20220627153953,0,0,0,0,0,0,0,0
20220627153954,0,0,0,0,0,0,0,0
20220627153955,0,0,0,0,0,0,0,0
20220627153956,0,0,0,0,0,0,0,0
20220627153957,0,0,0,0,0,0,0,0
20220627153958,0,0,0,0,0,0,0,0
20220627153959,0,0,0,0,0,0,0,0
20220627154000,0,0,0,0,0,0,0,0
20220627154001,0,0,0,0,0,0,0,0
20220627154002,0,0,0,0,0,0,0,0
20220627154003,0,0,0,0,0,0,0,0
20220627154004,0,0,0,0,0,0,0,0
20220627154005,0,0,0,0,0,0,0,0
20220627154006,0,0,0,0,0,0,0,0
20220627154007,0,0,0,0,0,0,0,0
20220627154008,0,0,0,0,0,0,0,0
20220627154009,0,0,0,0,0,0,0,0
20220627154010,0,0,0,0,0,0,0,0
20220627154011,0,0,0,0,0,0,0,0
20220627154012,0,0,0,0,0,0,0,0
20220627154013,0,0,0,0,0,0,0,0
20220627154014,0,0,0,0,0,0,0,0
20220627154015,0,0,0,0,0,0,0,0
20220627154016,0,0,0,0,0,0,0,0
20220627154017,0,0,0,0,0,0,0,0
20220627154019,0,0,0,0,0,0,0,0
20220627154019,0,0,0,0,0,0,0,0
20220627154020,0,0,0,0,0,0,0,0
20220627154021,0,0,0,0,0,0,0,0
20220627154022,0,0,0,0,0,0,0,0
20220627154023,0,0,0,0,0,0,0,0
20220627154024,0,0,0,0,0,0,0,0
20220627154025,0,0,0,0,0,0,0,0
20220627154026,0,0,0,0,0,0,0,0
20220627154027,0,0,0,0,0,0,0,0
20220627154028,0,0,0,0,0,0,0,0
20220627154029,0,0,0,0,0,0,0,0
20220627154030,0,0,0,0,0,0,0,0
20220627154031,0,0,0,0,0,0,0,0
20220627154033,0,0,0,0,0,0,0,0
20220627154033,0,0,0,0,0,0,0,0
20220627154035,0,0,0,0,0,0,0,0
20220627154036,0,0,0,0,0,0,0,0
20220627154036,0,0,0,0,0,0,0,0
20220627154038,0,0,0,0,0,0,0,0
20220627154038,0,0,0,0,0,0,0,0
20220627154040,0,0,0,0,0,0,0,0
20220627154040,0,0,0,0,0,0,0,0
20220627154042,0,0,0,0,0,0,0,0
20220627154042,0,0,0,0,0,0,0,0
20220627154044,0,0,0,0,0,0,0,0
20220627154045,0,0,0,0,0,0,0,0
20220627154045,0,0,0,0,0,0,0,0
20220627154047,0,0,0,0,0,0,0,0
20220627154047,0,0,0,0,0,0,0,0
20220627154049,0,0,0,0,0,0,0,0
20220627154049,0,0,0,0,0,0,0,0
20220627154051,0,0,0,0,0,0,0,0
20220627154051,0,0,0,0,0,0,0,0
20220627154053,0,0,0,0,0,0,0,0
20220627154053,0,0,0,0,0,0,0,0
20220627154055,0,0,0,0,0,0,0,0
20220627154055,0,0,0,0,0,0,0,0
20220627154057,0,0,0,0,0,0,0,0
20220627154058,0,0,0,0,0,0,0,0
20220627154059,0,0,0,0,0,0,0,0
20220627154100,0,0,0,0,0,0,0,0
20220627154101,0,0,0,0,0,0,0,0
20220627154102,0,0,0,0,0,0,0,0
20220627154103,0,0,0,0,0,0,0,0
20220627154104,0,0,0,0,0,0,0,0
20220627154105,0,0,0,0,0,0,0,0
20220627154106,0,0,0,0,0,0,0,0
20220627154107,0,0,0,0,0,0,0,0
20220627154108,0,0,0,0,0,0,0,0
20220627154109,0,0,0,0,0,0,0,0
20220627154110,0,0,0,0,0,0,0,0
20220627154111,0,0,0,0,0,0,0,0
20220627154112,0,0,0,0,0,0,0,0
20220627154113,0,0,0,0,0,0,0,0
20220627154114,0,0,0,0,0,0,0,0
20220627154115,0,0,0,0,0,0,0,0
20220627154116,0,0,0,0,0,0,0,0
20220627154117,0,0,0,0,0,0,0,0
20220627154118,0,0,0,0,0,0,0,0
20220627154119,0,0,0,0,0,0,0,0
20220627154120,0,0,0,0,0,0,0,0
20220627154121,0,0,0,0,0,0,0,0
20220627154122,0,0,0,0,0,0,0,0
20220627154123,0,0,0,0,0,0,0,0
20220627154124,0,0,0,0,0,0,0,0
20220627154125,0,0,0,0,0,0,0,0
20220627154126,0,0,0,0,0,0,0,0
20220627154127,0,0,0,0,0,0,0,0
20220627154128,0,0,0,0,0,0,0,0
20220627154129,0,0,0,0,0,0,0,0
20220627154130,0,0,0,0,0,0,0,0
20220627154131,0,0,0,0,0,0,0,0
20220627154132,0,0,0,0,0,0,0,0
20220627154133,0,0,0,0,0,0,0,0
20220627154134,0,0,0,0,0,0,0,0
20220627154135,0,0,0,0,0,0,0,0
20220627154136,0,0,0,0,0,0,0,0
20220627154137,0,0,0,0,0,0,0,0
20220627154138,0,0,0,0,0,0,0,0
20220627154139,0,0,0,0,0,0,0,0
20220627154140,0,0,0,0,0,0,0,0
20220627154141,0,0,0,0,0,0,0,0
20220627154142,0,0,0,0,0,0,0,0
20220627154143,0,0,0,0,0,0,0,0
20220627154144,0,0,0,0,0,0,0,0
20220627154145,0,0,0,0,0,0,0,0
20220627154146,0,0,0,0,0,0,0,0
20220627154147,0,0,0,0,0,0,0,0
20220627154148,0,0,0,0,0,0,0,0
20220627154149,0,0,0,0,0,0,0,0
20220627154150,0,0,0,0,0,0,0,0
20220627154151,0,0,0,0,0,0,0,0
20220627154152,0,0,0,0,0,0,0,0
20220627154153,0,0,0,0,0,0,0,0
20220627154220,0,0,0,0
20220627154220,0,0,0,0,0,0,0,0
20220627154220,0,0,0,0,0,0,0,0
20220627154220,0,0,0,0,0,0,0,0
20220627154220,0,0,0,0,0,0,0,0
20220627154220,0,0,0,0,0,0,0,0
20220627154220,0,0,0,0,0,0,0,0
,0,0,0,0,0,0
20220627154220,0,0,0,0,0,0,0,0
20220627154220,0,0,0,0,0,0,0,0
20220627154221,0,0,0,0,0,0,0,0
20220627154221,0,0,0,0,0,0,0,0
20220627154221,0,0,0,0,0,0,0,0
20220627154221,0,0,0,0,0,0,0,0
20220627154221,0,0,0,0,0,0,0,0
20220627154222,0,0,0,0,0,0,0,0
20220627154223,0,0,0,0,0,0,0,0
20220627154224,0,0,0,0,0,0,0,0
20220627154225,0,0,0,0,0,0,0,0
20220627154226,0,0,0,0,0,0,0,0
20220627154227,0,0,0,0,0,0,0,0
20220627154228,0,0,0,0,0,0,0,0
20220627154229,0,0,0,0,0,0,0,0
20220627154230,0,0,0,0,0,0,0,0
20220627154231,0,0,0,0,0,0,0,0
20220627154232,0,0,0,0,0,0,0,0
20220627154233,0,0,0,0,0,0,0,0
20220627154234,0,0,0,0,0,0,0,0
20220627154235,0,0,0,0,0,0,0,0
20220627154236,0,0,0,0,0,0,0,0
20220627154237,0,0,0,0,0,0,0,0

20220627154238,0,0,0,0,0,0,0,0
20220627154239,0,0,0,0,0,0,0,0
20220627154240,0,0,0,0,0,0,0,0
20220627154241,0,0,0,0,0,0,0,0
20220627154242,0,0,0,0,0,0,0,0
20220627154243,0,0,0,0,0,0,0,0
20220627154244,0,0,0,0,0,0,0,0
20220627154245,0,0,0,0,0,0,0,0


20220627155436,0,0,0,0,0,0,0,0
20220627155438,0,0,0,0,0,0,0,0
20220627155438,0,0,0,0,0,0,0,0
20220627155439,0,0,0,0,0,0,0,0
20220627155440,0,0,0,0,0,0,0,0
20220627155441,0,0,0,0,0,0,0,0
20220627155442,0,0,0,0,0,0,0,0
20220627155443,0,0,0,0,0,0,0,0
20220627155444,0,0,0,0,0,0,0,0
20220627155445,0,0,0,0,0,0,0,0
20220627155446,0,0,0,0,0,0,0,0


20220627155631,0,0,0,0,0,0,0,0
20220627155632,0,0,0,0,0,0,0,0
20220627155633,0,0,0,0,0,0,0,0
20220627155634,0,0,0,0,0,0,0,0
20220627155635,0,0,0,0,0,0,0,0
20220627155636,0,0,0,0,0,0,0,0
20220627155637,0,0,0,0,0,0,0,0
20220627155638,0,0,0,0,0,0,0,0
20220627155639,0,0,0,0,0,0,0,0
20220627155640,0,0,0,0,0,0,0,0
20220627155641,0,0,0,0,0,0,0,0
20220627155642,0,0,0,0,0,0,0,0
20220627155643,0,0,0,0,0,0,0,0

